61961024887
61961024891
61961024929
61961024956
61961024927
61961025059
61961078506
61961024943
61961024868
61961078565
61961024950
61961078566
61961024968
61961024963
61960619991
61961024937
61961024824
61961024912
61961024938
61961025033
61960946218
61961078573
61961024853
61961078595
61960946349
61960946207
61961078619
61961024881
61961025202
61961024951
61961025054
61961024911
61961025073
61961078559
61965359991
61965359983
61965360050
61965359948
61964943979
61965019962
61964944350
61965359903
61964943984
61964979150
61964961925
61965020029
61965359944
61964979154
61964979130
61965019994
61965020015
0
61964944011
61964944067
61964943982
61965019987
61965020019
61964961927
61965359883
61964944054
61965019983
61965020021
61964943996
61964961871
61964944027
61965359909
61964944064
61965019992
14720303796
61965019959
61964979163
61964972168
61964944053
61964979139
61964944337
61965020009
61964944313
61964944046
61964944038
61964944018
61964944057
61964943986
61964944035
61964979158
61964944341
61965019996
61965359937
61965359920
413791240929
61961353423
413791240838
413787380563
